0 10
1 7.407227085
2 5.799765104
3 4.694475664
4 3.880184199
5 3.249883588
6 2.743529001
7 2.32480324
8 1.970436621
9 1.664820648
10 1.397087592
11 1.159432127
12 0.9460994251
13 0.7527500511
14 0.576047475
15 0.4133821455
16 0.2626821076
17 0.1222800447
18 -0.009181957761
19 -0.1328218633
20 -0.2495691542
21 -0.3602035354
22 -0.4653844263
23 -0.5656737068
24 -0.6615534557
25 -0.7534399255
26 -0.8416946563
27 -0.9266333923
28 -1.008533292
29 -1.087638805
30 -1.164166493
31 -1.238309016
32 -1.310238436
33 -1.380108994
34 -1.448059429
35 -1.514214946
36 -1.578688883
37 -1.641584135
38 -1.702994373
39 -1.763005087
40 -1.821694494
41 -1.87913432
42 -1.935390476
43 -1.990523651
44 -2.044589831
45 -2.097640747
46 -2.149724267
47 -2.200884747
48 -2.251163328
49 -2.300598199
50 -2.349224821
51 -2.397076128
52 -2.444182683
53 -2.490572816
54 -2.536272727
55 -2.581306561
56 -2.625696451
57 -2.669462527
58 -2.712622887
59 -2.755193522
60 -2.797188187
61 -2.83861822
62 -2.879492268
63 -2.919815933
64 -2.959591296
65 -2.998816295
66 -3.037483921
67 -3.075581181
68 -3.113087771
69 -3.14997437
70 -3.186200473
71 -3.221711606
72 -3.256435786
73 -3.290278997
74 -3.323119423
75 -3.354800096
76 -3.385119535
77 -3.413819843
78 -3.440571609
79 -3.464954806
80 -3.486434739
81 -3.504331951
82 -3.517784873
83 -3.525704037
84 -3.526716852
85 -3.519102574
86 -3.500718323
87 -3.468919318
88 -3.42048035
89 -3.35153149
90 -3.257529625
91 -3.133298478
92 -2.973181728
93 -2.771362578
94 -2.522400512
95 -2.222010125
96 -1.868045841
97 -1.461557662
98 -1.007668555
99 -0.5159487734
100 0
