0 10
1 9.669330192
2 9.358234319
3 9.064985006
4 8.788052566
5 8.526077501
6 8.277847471
7 8.042277909
8 7.818395613
9 7.60532481
10 7.402275257
11 7.20853205
12 7.023446852
13 6.846430315
14 6.676945527
15 6.514502298
16 6.35865219
17 6.208984159
18 6.065120739
19 5.926714677
20 5.793445972
21 5.665019251
22 5.54116144
23 5.421619703
24 5.306159596
25 5.194563427
26 5.086628783
27 4.982167211
28 4.881003039
29 4.782972302
30 4.68792179
31 4.595708175
32 4.506197228
33 4.419263106
34 4.334787709
35 4.252660092
36 4.172775929
37 4.09503703
38 4.01935089
39 3.945630291
40 3.873792922
41 3.803761042
42 3.735461164
43 3.668823772
44 3.603783052
45 3.540276651
46 3.478245449
47 3.417633356
48 3.358387115
49 3.300456132
50 3.243792303
51 3.188349869
52 3.134085273
53 3.080957025
54 3.028925586
55 2.977953252
56 2.928004049
57 2.879043631
58 2.831039196
59 2.783959395
60 2.737774252
61 2.692455092
62 2.647974468
63 2.604306101
64 2.561424811
65 2.519306465
66 2.477927924
67 2.437266988
68 2.39730235
69 2.358013555
70 2.319380951
71 2.281385658
72 2.244009522
73 2.207235087
74 2.171045558
75 2.135424771
76 2.100357164
77 2.065827747
78 2.031822079
79 1.99832624
80 1.965326811
81 1.932810847
82 1.900765861
83 1.8691798
84 1.838041029
85 1.807338311
86 1.777060791
87 1.747197979
88 1.717739736
89 1.688676259
90 1.659998066
91 1.631695984
92 1.603761136
93 1.57618493
94 1.548959046
95 1.522075427
96 1.495526266
97 1.469304
98 1.443401297
99 1.417811049
100 1.392526365
101 1.367540559
102 1.342847144
103 1.318439826
104 1.294312496
105 1.270459221
106 1.246874242
107 1.223551963
108 1.200486949
109 1.177673919
110 1.155107738
111 1.132783416
112 1.110696101
113 1.088841072
114 1.067213741
115 1.04580964
116 1.024624423
117 1.003653861
118 0.9828938353
119 0.9623403362
120 0.9419894595
121 0.9218374018
122 0.9018804581
123 0.8821150183
124 0.8625375642
125 0.8431446665
126 0.8239329822
127 0.8048992514
128 0.7860402955
129 0.7673530137
130 0.7488343815
131 0.7304814476
132 0.7122913323
133 0.694261225
134 0.6763883818
135 0.6586701244
136 0.6411038371
137 0.6236869658
138 0.6064170157
139 0.5892915496
140 0.5723081866
141 0.5554645998
142 0.5387585155
143 0.5221877112
144 0.5057500142
145 0.4894433003
146 0.4732654925
147 0.4572145594
148 0.4412885143
149 0.4254854138
150 0.4098033563
151 0.3942404815
152 0.3787949688
153 0.3634650362
154 0.3482489398
155 0.3331449721
156 0.3181514613
157 0.3032667708
158 0.2884892974
159 0.2738174713
160 0.2592497545
161 0.2447846405
162 0.2304206533
163 0.2161563467
164 0.2019903032
165 0.1879211338
166 0.173947477
167 0.1600679979
168 0.1462813881
169 0.1325863645
170 0.1189816689
171 0.1054660675
172 0.09203835014
173 0.07869732969
174 0.06544184167
175 0.05227074356
176 0.03918291436
177 0.02617725401
178 0.01325268296
179 0.0004081416294
180 -0.01235741003
181 -0.02504499299
182 -0.03765560961
183 -0.05019024405
184 -0.06264986267
185 -0.0750354145
186 -0.08734783156
187 -0.09958802929
188 -0.1117569069
189 -0.1238553479
190 -0.13588422
191 -0.147844376
192 -0.1597366539
193 -0.171561877
194 -0.1833208546
195 -0.1950143822
196 -0.2066432415
197 -0.2182082011
198 -0.2297100167
199 -0.2411494311
200 -0.2525271748
201 -0.2638439661
202 -0.2751005113
203 -0.2862975053
204 -0.2974356314
205 -0.3085155616
206 -0.3195379572
207 -0.3305034688
208 -0.3414127362
209 -0.3522663893
210 -0.3630650477
211 -0.3738093211
212 -0.3844998098
213 -0.3951371043
214 -0.4057217862
215 -0.4162544276
216 -0.4267355919
217 -0.4371658339
218 -0.4475456996
219 -0.4578757267
220 -0.4681564446
221 -0.4783883748
222 -0.4885720309
223 -0.4987079184
224 -0.5087965356
225 -0.5188383731
226 -0.5288339142
227 -0.5387836352
228 -0.5486880052
229 -0.5585474864
230 -0.5683625342
231 -0.5781335973
232 -0.5878611182
233 -0.5975455326
234 -0.6071872701
235 -0.616786754
236 -0.6263444017
237 -0.6358606246
238 -0.6453358283
239 -0.6547704124
240 -0.6641647713
241 -0.6735192936
242 -0.6828343624
243 -0.6921103557
244 -0.7013476461
245 -0.7105466012
246 -0.7197075834
247 -0.7288309502
248 -0.7379170542
249 -0.7469662432
250 -0.7559788603
251 -0.7649552441
252 -0.7738957285
253 -0.782800643
254 -0.7916703126
255 -0.8005050581
256 -0.809305196
257 -0.8180710388
258 -0.8268028946
259 -0.8355010676
260 -0.8441658583
261 -0.8527975628
262 -0.8613964738
263 -0.8699628799
264 -0.8784970664
265 -0.8869993145
266 -0.8954699021
267 -0.9039091035
268 -0.9123171896
269 -0.9206944278
270 -0.9290410821
271 -0.9373574133
272 -0.9456436788
273 -0.9539001332
274 -0.9621270274
275 -0.9703246096
276 -0.9784931248
277 -0.986632815
278 -0.9947439193
279 -1.002826674
280 -1.010881312
281 -1.018908064
282 -1.026907158
283 -1.034878819
284 -1.042823269
285 -1.050740728
286 -1.058631413
287 -1.066495537
288 -1.074333315
289 -1.082144954
290 -1.089930661
291 -1.097690643
292 -1.1054251
293 -1.113134232
294 -1.120818238
295 -1.128477312
296 -1.136111648
297 -1.143721436
298 -1.151306866
299 -1.158868123
300 -1.166405393
301 -1.173918857
302 -1.181408696
303 -1.188875089
304 -1.196318211
305 -1.203738237
306 -1.211135339
307 -1.218509689
308 -1.225861454
309 -1.233190802
310 -1.240497897
311 -1.247782902
312 -1.25504598
313 -1.262287289
314 -1.269506988
315 -1.276705233
316 -1.283882178
317 -1.291037977
318 -1.29817278
319 -1.305286738
320 -1.312379997
321 -1.319452706
322 -1.326505009
323 -1.333537049
324 -1.340548969
325 -1.347540908
326 -1.354513007
327 -1.361465401
328 -1.368398229
329 -1.375311623
330 -1.382205719
331 -1.389080647
332 -1.395936539
333 -1.402773523
334 -1.409591729
335 -1.416391281
336 -1.423172307
337 -1.42993493
338 -1.436679273
339 -1.443405458
340 -1.450113606
341 -1.456803835
342 -1.463476264
343 -1.47013101
344 -1.476768188
345 -1.483387914
346 -1.4899903
347 -1.49657546
348 -1.503143504
349 -1.509694544
350 -1.516228687
351 -1.522746043
352 -1.529246719
353 -1.53573082
354 -1.542198451
355 -1.548649717
356 -1.555084721
357 -1.561503565
358 -1.56790635
359 -1.574293177
360 -1.580664143
361 -1.587019349
362 -1.593358891
363 -1.599682865
364 -1.605991368
365 -1.612284494
366 -1.618562337
367 -1.624824989
368 -1.631072544
369 -1.637305092
370 -1.643522724
371 -1.649725529
372 -1.655913596
373 -1.662087013
374 -1.668245868
375 -1.674390246
376 -1.680520234
377 -1.686635916
378 -1.692737377
379 -1.698824699
380 -1.704897966
381 -1.710957259
382 -1.71700266
383 -1.723034248
384 -1.729052105
385 -1.735056308
386 -1.741046936
387 -1.747024066
388 -1.752987777
389 -1.758938143
390 -1.764875241
391 -1.770799146
392 -1.776709932
393 -1.782607673
394 -1.788492442
395 -1.794364311
396 -1.800223352
397 -1.806069637
398 -1.811903236
399 -1.817724219
400 -1.823532655
401 -1.829328614
402 -1.835112164
403 -1.840883371
404 -1.846642305
405 -1.85238903
406 -1.858123614
407 -1.863846121
408 -1.869556616
409 -1.875255165
410 -1.88094183
411 -1.886616675
412 -1.892279763
413 -1.897931156
414 -1.903570917
415 -1.909199105
416 -1.914815783
417 -1.92042101
418 -1.926014846
419 -1.93159735
420 -1.937168582
421 -1.942728599
422 -1.94827746
423 -1.953815222
424 -1.959341942
425 -1.964857676
426 -1.970362481
427 -1.975856413
428 -1.981339525
429 -1.986811874
430 -1.992273513
431 -1.997724496
432 -2.003164877
433 -2.008594709
434 -2.014014044
435 -2.019422935
436 -2.024821434
437 -2.030209591
438 -2.035587458
439 -2.040955086
440 -2.046312524
441 -2.051659823
442 -2.056997032
443 -2.0623242
444 -2.067641375
445 -2.072948606
446 -2.078245942
447 -2.083533428
448 -2.088811114
449 -2.094079045
450 -2.099337268
451 -2.104585829
452 -2.109824774
453 -2.115054149
454 -2.120273998
455 -2.125484366
456 -2.130685298
457 -2.135876838
458 -2.141059029
459 -2.146231915
460 -2.151395539
461 -2.156549944
462 -2.161695172
463 -2.166831265
464 -2.171958265
465 -2.177076214
466 -2.182185153
467 -2.187285123
468 -2.192376163
469 -2.197458316
470 -2.20253162
471 -2.207596115
472 -2.212651841
473 -2.217698836
474 -2.22273714
475 -2.227766791
476 -2.232787828
477 -2.237800287
478 -2.242804208
479 -2.247799626
480 -2.252786581
481 -2.257765107
482 -2.262735242
483 -2.267697022
484 -2.272650484
485 -2.277595662
486 -2.282532593
487 -2.287461311
488 -2.292381852
489 -2.29729425
490 -2.30219854
491 -2.307094757
492 -2.311982933
493 -2.316863102
494 -2.321735299
495 -2.326599557
496 -2.331455907
497 -2.336304384
498 -2.341145019
499 -2.345977844
500 -2.350802893
501 -2.355620196
502 -2.360429785
503 -2.365231691
504 -2.370025946
505 -2.37481258
506 -2.379591623
507 -2.384363107
508 -2.389127061
509 -2.393883515
510 -2.398632499
511 -2.403374042
512 -2.408108174
513 -2.412834923
514 -2.417554318
515 -2.422266389
516 -2.426971162
517 -2.431668667
518 -2.436358931
519 -2.441041983
520 -2.445717848
521 -2.450386555
522 -2.455048132
523 -2.459702603
524 -2.464349997
525 -2.46899034
526 -2.473623657
527 -2.478249976
528 -2.482869321
529 -2.487481718
530 -2.492087193
531 -2.496685771
532 -2.501277477
533 -2.505862335
534 -2.51044037
535 -2.515011607
536 -2.519576069
537 -2.524133781
538 -2.528684766
539 -2.533229049
540 -2.537766651
541 -2.542297597
542 -2.546821908
543 -2.551339609
544 -2.555850722
545 -2.560355268
546 -2.56485327
547 -2.569344751
548 -2.573829731
549 -2.578308232
550 -2.582780275
551 -2.587245883
552 -2.591705074
553 -2.596157872
554 -2.600604295
555 -2.605044364
556 -2.609478099
557 -2.613905521
558 -2.618326648
559 -2.622741501
560 -2.627150099
561 -2.63155246
562 -2.635948605
563 -2.64033855
564 -2.644722316
565 -2.64909992
566 -2.65347138
567 -2.657836715
568 -2.662195941
569 -2.666549076
570 -2.670896139
571 -2.675237144
572 -2.67957211
573 -2.683901053
574 -2.68822399
575 -2.692540936
576 -2.696851908
577 -2.701156921
578 -2.705455991
579 -2.709749133
580 -2.714036362
581 -2.718317694
582 -2.722593142
583 -2.726862721
584 -2.731126446
585 -2.73538433
586 -2.739636387
587 -2.74388263
588 -2.748123073
589 -2.752357729
590 -2.756586611
591 -2.760809731
592 -2.765027101
593 -2.769238733
594 -2.77344464
595 -2.777644833
596 -2.781839323
597 -2.78602812
598 -2.790211237
599 -2.794388683
600 -2.798560469
601 -2.802726604
602 -2.806887099
603 -2.811041962
604 -2.815191204
605 -2.819334832
606 -2.823472856
607 -2.827605283
608 -2.831732122
609 -2.835853381
610 -2.839969066
611 -2.844079186
612 -2.848183746
613 -2.852282754
614 -2.856376215
615 -2.860464135
616 -2.864546521
617 -2.868623376
618 -2.872694707
619 -2.876760517
620 -2.88082081
621 -2.884875592
622 -2.888924864
623 -2.89296863
624 -2.897006894
625 -2.901039656
626 -2.90506692
627 -2.909088687
628 -2.913104958
629 -2.917115735
630 -2.921121016
631 -2.925120803
632 -2.929115095
633 -2.933103891
634 -2.937087191
635 -2.941064991
636 -2.945037291
637 -2.949004087
638 -2.952965376
639 -2.956921156
640 -2.960871421
641 -2.964816168
642 -2.968755391
643 -2.972689085
644 -2.976617244
645 -2.980539861
646 -2.98445693
647 -2.988368442
648 -2.992274389
649 -2.996174762
650 -3.000069553
651 -3.003958751
652 -3.007842346
653 -3.011720326
654 -3.01559268
655 -3.019459395
656 -3.023320459
657 -3.027175857
658 -3.031025575
659 -3.034869597
660 -3.038707909
661 -3.042540493
662 -3.046367332
663 -3.050188409
664 -3.054003703
665 -3.057813197
666 -3.061616869
667 -3.065414697
668 -3.069206661
669 -3.072992737
670 -3.076772901
671 -3.080547129
672 -3.084315395
673 -3.088077673
674 -3.091833934
675 -3.095584152
676 -3.099328295
677 -3.103066335
678 -3.106798239
679 -3.110523975
680 -3.114243509
681 -3.117956807
682 -3.121663833
683 -3.125364549
684 -3.129058919
685 -3.132746901
686 -3.136428457
687 -3.140103543
688 -3.143772117
689 -3.147434135
690 -3.15108955
691 -3.154738316
692 -3.158380383
693 -3.162015703
694 -3.165644223
695 -3.16926589
696 -3.17288065
697 -3.176488447
698 -3.180089224
699 -3.18368292
700 -3.187269475
701 -3.190848826
702 -3.194420909
703 -3.197985657
704 -3.201543003
705 -3.205092875
706 -3.208635203
707 -3.212169912
708 -3.215696926
709 -3.219216168
710 -3.222727557
711 -3.22623101
712 -3.229726444
713 -3.233213772
714 -3.236692905
715 -3.24016375
716 -3.243626215
717 -3.247080203
718 -3.250525614
719 -3.253962348
720 -3.2573903
721 -3.260809364
722 -3.264219429
723 -3.267620384
724 -3.271012112
725 -3.274394495
726 -3.277767413
727 -3.281130739
728 -3.284484346
729 -3.287828103
730 -3.291161876
731 -3.294485526
732 -3.297798912
733 -3.30110189
734 -3.304394309
735 -3.307676018
736 -3.31094686
737 -3.314206675
738 -3.317455298
739 -3.320692561
740 -3.323918291
741 -3.32713231
742 -3.330334437
743 -3.333524486
744 -3.336702266
745 -3.339867581
746 -3.34302023
747 -3.346160008
748 -3.349286704
749 -3.352400102
750 -3.35549998
751 -3.358586112
752 -3.361658266
753 -3.364716202
754 -3.367759677
755 -3.37078844
756 -3.373802235
757 -3.376800799
758 -3.379783862
759 -3.382751148
760 -3.385702375
761 -3.388637253
762 -3.391555485
763 -3.394456766
764 -3.397340784
765 -3.400207221
766 -3.403055748
767 -3.405886031
768 -3.408697726
769 -3.411490481
770 -3.414263934
771 -3.417017717
772 -3.419751452
773 -3.422464749
774 -3.425157212
775 -3.427828434
776 -3.430477998
777 -3.433105477
778 -3.435710433
779 -3.438292418
780 -3.440850972
781 -3.443385626
782 -3.445895898
783 -3.448381294
784 -3.450841309
785 -3.453275426
786 -3.455683113
787 -3.458063827
788 -3.460417014
789 -3.462742101
790 -3.465038508
791 -3.467305634
792 -3.46954287
793 -3.471749587
794 -3.473925144
795 -3.476068883
796 -3.478180132
797 -3.480258201
798 -3.482302384
799 -3.484311958
800 -3.486286183
801 -3.488224301
802 -3.490125536
803 -3.491989093
804 -3.49381416
805 -3.495599902
806 -3.497345467
807 -3.499049983
808 -3.500712554
809 -3.502332267
810 -3.503908184
811 -3.505439347
812 -3.506924773
813 -3.508363459
814 -3.509754375
815 -3.511096469
816 -3.512388664
817 -3.513629856
818 -3.514818918
819 -3.515954694
820 -3.517036002
821 -3.518061634
822 -3.51903035
823 -3.519940886
824 -3.520791945
825 -3.521582201
826 -3.522310299
827 -3.522974851
828 -3.523574437
829 -3.524107605
830 -3.524572871
831 -3.524968714
832 -3.525293582
833 -3.525545885
834 -3.525723998
835 -3.525826261
836 -3.525850973
837 -3.525796397
838 -3.525660757
839 -3.525442238
840 -3.525138983
841 -3.524749095
842 -3.524270635
843 -3.523701621
844 -3.523040026
845 -3.522283783
846 -3.521430775
847 -3.520478842
848 -3.519425778
849 -3.518269327
850 -3.517007187
851 -3.515637005
852 -3.51415638
853 -3.512562859
854 -3.510853939
855 -3.509027064
856 -3.507079624
857 -3.505008956
858 -3.502812344
859 -3.500487013
860 -3.498030134
861 -3.495438823
862 -3.492710134
863 -3.489841066
864 -3.486828558
865 -3.483669488
866 -3.480360675
867 -3.476898877
868 -3.473280787
869 -3.469503041
870 -3.465562206
871 -3.461454791
872 -3.457177236
873 -3.452725921
874 -3.448097156
875 -3.443287189
876 -3.438292201
877 -3.433108306
878 -3.427731554
879 -3.422157926
880 -3.416383335
881 -3.41040363
882 -3.404214592
883 -3.397811932
884 -3.391191298
885 -3.384348269
886 -3.377278358
887 -3.369977009
888 -3.362439605
889 -3.35466146
890 -3.346637822
891 -3.338363879
892 -3.329834753
893 -3.321045502
894 -3.311991125
895 -3.30266656
896 -3.293066685
897 -3.28318632
898 -3.273020231
899 -3.262563128
900 -3.251809667
901 -3.240754454
902 -3.229392048
903 -3.21771696
904 -3.205723657
905 -3.193406565
906 -3.180760072
907 -3.16777853
908 -3.15445626
909 -3.140787551
910 -3.126766671
911 -3.112387862
912 -3.097645353
913 -3.082533356
914 -3.067046078
915 -3.051177718
916 -3.034922479
917 -3.018274568
918 -3.001228205
919 -2.983777626
920 -2.96591709
921 -2.947640886
922 -2.928943337
923 -2.90981881
924 -2.89026172
925 -2.870266537
926 -2.849827796
927 -2.828940103
928 -2.807598142
929 -2.785796686
930 -2.7635306
931 -2.740794857
932 -2.71758454
933 -2.693894855
934 -2.66972114
935 -2.645058872
936 -2.619903679
937 -2.59425135
938 -2.568097842
939 -2.541439293
940 -2.514272034
941 -2.486592593
942 -2.458397714
943 -2.429684359
944 -2.400449725
945 -2.370691254
946 -2.340406641
947 -2.309593845
948 -2.278251105
949 -2.246376943
950 -2.21397018
951 -2.181029947
952 -2.147555691
953 -2.113547189
954 -2.079004558
955 -2.043928261
956 -2.008319123
957 -1.972178335
958 -1.935507465
959 -1.898308467
960 -1.860583688
961 -1.822335878
962 -1.783568194
963 -1.744284211
964 -1.704487925
965 -1.664183759
966 -1.623376571
967 -1.582071656
968 -1.540274749
969 -1.49799203
970 -1.455230129
971 -1.411996119
972 -1.368297527
973 -1.324142326
974 -1.279538941
975 -1.23449624
976 -1.189023538
977 -1.14313059
978 -1.096827586
979 -1.050125148
980 -1.003034323
981 -0.9555665755
982 -0.9077337788
983 -0.8595482069
984 -0.8110225238
985 -0.7621697732
986 -0.713003366
987 -0.663537068
988 -0.6137849863
989 -0.5637615543
990 -0.5134815171
991 -0.4629599149
992 -0.4122120664
993 -0.3612535511
994 -0.310100191
995 -0.2587680319
996 -0.2072733234
997 -0.1556324995
998 -0.1038621575
999 -0.05197903737
1000 0
