0.008150 0.138919
0.018031 0.253225
0.027911 0.366552
0.037792 0.478883
0.047672 0.590201
0.057553 0.700487
0.067433 0.809725
0.077314 0.917896
0.087194 1.024985
0.097075 1.130973
0.106955 1.235843
0.116836 1.339580
0.126716 1.442167
0.136597 1.543588
0.146477 1.643826
0.156358 1.742866
0.166238 1.840691
0.176119 1.937287
0.185999 2.032638
0.195880 2.126729
0.205761 2.219546
0.215641 2.311072
0.225522 2.401294
0.235402 2.490198
0.245283 2.577769
0.255163 2.663994
0.265044 2.748859
0.274924 2.832350
0.284805 2.914454
0.294685 2.995159
0.304566 3.074450
0.314446 3.152317
0.324327 3.228746
0.334207 3.303726
0.344088 3.377243
0.353968 3.449288
0.363849 3.519848
0.373729 3.588912
0.383610 3.656470
0.393490 3.722510
0.403371 3.787022
0.413251 3.849995
0.423132 3.911421
0.433013 3.971289
0.442893 4.029589
0.452774 4.086313
0.462654 4.141451
0.472535 4.194995
0.482415 4.246936
0.492296 4.297265
0.502176 4.345976
0.512057 4.393060
0.521937 4.438510
0.531818 4.482318
0.541698 4.524478
0.551579 4.564982
0.561459 4.603825
0.571340 4.641001
0.581220 4.676503
0.591101 4.710326
0.600981 4.742464
0.610862 4.772912
0.620742 4.801666
0.630623 4.828721
0.640503 4.854073
0.650384 4.877717
0.660264 4.899650
0.670145 4.919869
0.680026 4.938370
0.689906 4.955150
0.699787 4.970207
0.709667 4.983538
0.719548 4.995141
0.729428 5.005014
0.739309 5.013156
0.749189 5.019566
0.759070 5.024242
0.768950 5.027183
0.778831 5.028390
0.788711 5.027862
0.798592 5.025599
0.808472 5.021601
0.818353 5.015870
0.828233 5.008405
0.838114 4.999209
0.847994 4.988282
0.857875 4.975627
0.867755 4.961245
0.877636 4.945138
0.887516 4.927310
0.897397 4.907763
0.907278 4.886500
0.917158 4.863525
0.927039 4.838840
0.936919 4.812451
0.946800 4.784361
0.956680 4.754575
0.966561 4.723097
0.976441 4.689933
0.986322 4.655087
0.996202 4.618565
1.006083 4.580374
1.015963 4.540518
1.025844 4.499005
1.035724 4.455841
1.045605 4.411032
1.055485 4.364587
1.065366 4.316511
1.075246 4.266814
1.085127 4.215502
1.095007 4.162584
1.104888 4.108069
1.114768 4.051964
1.124649 3.994279
1.134529 3.935024
1.144410 3.874206
1.154291 3.811837
1.164171 3.747925
1.174052 3.682482
1.183932 3.615517
1.193813 3.547040
1.203693 3.477064
1.213574 3.405599
1.223454 3.332656
1.233335 3.258247
1.243215 3.182383
1.253096 3.105078
1.262976 3.026342
1.272857 2.946188
1.282737 2.864630
1.292618 2.781680
1.302498 2.697351
1.312379 2.611656
1.322259 2.524610
1.332140 2.436226
1.342020 2.346518
1.351901 2.255500
1.361781 2.163186
1.371662 2.069592
1.381543 1.974732
1.391423 1.878621
1.401304 1.781275
1.411184 1.682708
1.421065 1.582937
1.430945 1.481977
1.440826 1.379844
1.450706 1.276555
1.460587 1.172126
1.470467 1.066573
1.480348 0.959913
1.490228 0.852163
1.500109 0.743340
1.509989 0.633462
1.519870 0.522546
1.529750 0.410609
1.539631 0.297669
1.549511 0.183744
1.559392 0.068852
1.569272 -0.046988
1.579153 -0.163759
1.589033 -0.281442
1.598914 -0.400017
1.608794 -0.519467
1.618675 -0.639773
1.628556 -0.760914
1.638436 -0.882873
1.648317 -1.005630
1.658197 -1.129165
1.668078 -1.253459
1.677958 -1.378491
1.687839 -1.504243
1.697719 -1.630695
1.707600 -1.757825
1.717480 -1.885615
1.727361 -2.014043
1.737241 -2.143090
1.747122 -2.272735
1.757002 -2.402957
1.766883 -2.533736
1.776763 -2.665051
1.786644 -2.796881
1.796524 -2.929206
1.806405 -3.062004
1.816285 -3.195254
1.826166 -3.328935
1.836046 -3.463027
1.845927 -3.597507
1.855808 -3.732354
1.865688 -3.867548
1.875569 -4.003066
1.885449 -4.138887
1.895330 -4.274990
1.905210 -4.411353
1.915091 -4.547954
1.924971 -4.684772
1.934852 -4.821784
1.944732 -4.958971
1.954613 -5.096308
1.964493 -5.233776
1.974374 -5.371351
1.984254 -5.509013
1.994135 -5.646739
2.004015 -5.784507
2.013896 -5.922296
2.023776 -6.060084
2.033657 -6.197849
2.043537 -6.335569
2.053418 -6.473222
2.063298 -6.610787
2.073179 -6.748241
2.083059 -6.885563
2.092940 -7.022731
2.102821 -7.159724
2.112701 -7.296519
2.122582 -7.433096
2.132462 -7.569431
2.142343 -7.705504
2.152223 -7.841294
2.162104 -7.976777
2.171984 -8.111934
2.181865 -8.246743
2.191745 -8.381182
2.201626 -8.515229
2.211506 -8.648865
2.221387 -8.782067
2.231267 -8.914814
2.241148 -9.047086
2.251028 -9.178861
2.260909 -9.310119
2.270789 -9.440838
2.280670 -9.570999
2.290550 -9.700579
2.300431 -9.829560
2.310311 -9.957920
2.320192 -10.085639
2.330073 -10.212696
2.339953 -10.339072
2.349834 -10.464747
2.359714 -10.589700
2.369595 -10.713912
2.379475 -10.837363
2.389356 -10.960034
2.399236 -11.081905
2.409117 -11.202957
2.418997 -11.323170
2.428878 -11.442526
2.438758 -11.561005
2.448639 -11.678589
2.458519 -11.795260
2.468400 -11.910998
2.478280 -12.025785
2.488161 -12.139603
2.498041 -12.252435
2.507922 -12.364262
2.517802 -12.475066
2.527683 -12.584830
2.537563 -12.693537
2.547444 -12.801169
2.557324 -12.907709
2.567205 -13.013140
2.577086 -13.117447
2.586966 -13.220611
2.596847 -13.322616
2.606727 -13.423448
2.616608 -13.523089
2.626488 -13.621523
2.636369 -13.718736
2.646249 -13.814711
2.656130 -13.909434
2.666010 -14.002890
2.675891 -14.095063
2.685771 -14.185939
2.695652 -14.275504
2.705532 -14.363743
2.715413 -14.450643
2.725293 -14.536189
2.735174 -14.620369
2.745054 -14.703168
2.754935 -14.784574
2.764815 -14.864574
2.774696 -14.943155
2.784576 -15.020304
2.794457 -15.096010
2.804338 -15.170260
2.814218 -15.243042
2.824099 -15.314346
2.833979 -15.384160
2.843860 -15.452472
2.853740 -15.519272
2.863621 -15.584549
2.873501 -15.648293
2.883382 -15.710494
2.893262 -15.771142
2.903143 -15.830227
2.913023 -15.887741
2.922904 -15.943673
2.932784 -15.998015
2.942665 -16.050758
2.952545 -16.101894
2.962426 -16.151415
2.972306 -16.199314
2.982187 -16.245581
2.992067 -16.290211
3.001948 -16.333196
3.011828 -16.374529
3.021709 -16.414204
3.031589 -16.452214
3.041470 -16.488553
3.051351 -16.523216
3.061231 -16.556197
3.071112 -16.587491
3.080992 -16.617093
3.090873 -16.644998
3.100753 -16.671202
3.110634 -16.695701
3.120514 -16.718490
3.130395 -16.739566
3.140275 -16.758926
3.150156 -16.776567
3.160036 -16.792486
3.169917 -16.806680
3.179797 -16.819147
3.189678 -16.829886
3.199558 -16.838894
3.209439 -16.846169
3.219319 -16.851712
3.229200 -16.855521
3.239080 -16.857595
3.248961 -16.857935
3.258841 -16.856539
3.268722 -16.853409
3.278603 -16.848544
3.288483 -16.841946
3.298364 -16.833615
3.308244 -16.823553
3.318125 -16.811762
3.328005 -16.798243
3.337886 -16.782999
3.347766 -16.766031
3.357647 -16.747343
3.367527 -16.726938
3.377408 -16.704818
3.387288 -16.680988
3.397169 -16.655450
3.407049 -16.628210
3.416930 -16.599272
3.426810 -16.568639
3.436691 -16.536317
3.446571 -16.502311
3.456452 -16.466627
3.466332 -16.429270
3.476213 -16.390245
3.486093 -16.349560
3.495974 -16.307221
3.505854 -16.263233
3.515735 -16.217605
3.525616 -16.170344
3.535496 -16.121457
3.545377 -16.070951
3.555257 -16.018835
3.565138 -15.965118
3.575018 -15.909807
3.584899 -15.852911
3.594779 -15.794439
3.604660 -15.734401
3.614540 -15.672807
3.624421 -15.609665
3.634301 -15.544986
3.644182 -15.478781
3.654062 -15.411059
3.663943 -15.341831
3.673823 -15.271109
3.683704 -15.198903
3.693584 -15.125226
3.703465 -15.050088
3.713345 -14.973502
3.723226 -14.895480
3.733106 -14.816033
3.742987 -14.735176
3.752868 -14.652920
3.762748 -14.569279
3.772629 -14.484265
3.782509 -14.397893
3.792390 -14.310176
3.802270 -14.221128
3.812151 -14.130763
3.822031 -14.039096
3.831912 -13.946140
3.841792 -13.851911
3.851673 -13.756424
3.861553 -13.659693
3.871434 -13.561735
3.881314 -13.462564
3.891195 -13.362196
3.901075 -13.260648
3.910956 -13.157935
3.920836 -13.054074
3.930717 -12.949080
3.940597 -12.842972
3.950478 -12.735765
3.960358 -12.627477
3.970239 -12.518124
3.980119 -12.407725
3.990000 -12.296296
3.999881 -12.183855
4.009761 -12.070420
4.019642 -11.956010
4.029522 -11.840641
4.039403 -11.724333
4.049283 -11.607104
4.059164 -11.488973
4.069044 -11.369958
4.078925 -11.250078
4.088805 -11.129352
4.098686 -11.007799
4.108566 -10.885439
4.118447 -10.762290
4.128327 -10.638374
4.138208 -10.513708
4.148088 -10.388313
4.157969 -10.262209
4.167849 -10.135416
4.177730 -10.007953
4.187610 -9.879842
4.197491 -9.751101
4.207371 -9.621753
4.217252 -9.491817
4.227133 -9.361314
4.237013 -9.230264
4.246894 -9.098689
4.256774 -8.966609
4.266655 -8.834045
4.276535 -8.701018
4.286416 -8.567550
4.296296 -8.433661
4.306177 -8.299372
4.316057 -8.164706
4.325938 -8.029683
4.335818 -7.894324
4.345699 -7.758652
4.355579 -7.622687
4.365460 -7.486452
4.375340 -7.349967
4.385221 -7.213255
4.395101 -7.076337
4.404982 -6.939235
4.414862 -6.801970
4.424743 -6.664565
4.434623 -6.527041
4.444504 -6.389419
4.454384 -6.251723
4.464265 -6.113973
4.474146 -5.976192
4.484026 -5.838400
4.493907 -5.700621
4.503787 -5.562876
4.513668 -5.425187
4.523548 -5.287575
4.533429 -5.150063
4.543309 -5.012672
4.553190 -4.875424
4.563070 -4.738341
4.572951 -4.601444
4.582831 -4.464756
4.592712 -4.328297
4.602592 -4.192090
4.612473 -4.056156
4.622353 -3.920517
4.632234 -3.785194
4.642114 -3.650209
4.651995 -3.515582
4.661875 -3.381336
4.671756 -3.247492
4.681636 -3.114070
4.691517 -2.981093
4.701398 -2.848581
4.711278 -2.716555
4.721159 -2.585036
4.731039 -2.454045
4.740920 -2.323602
4.750800 -2.193729
4.760681 -2.064446
4.770561 -1.935773
4.780442 -1.807731
4.790322 -1.680341
4.800203 -1.553621
4.810083 -1.427594
4.819964 -1.302277
4.829844 -1.177692
4.839725 -1.053858
4.849605 -0.930794
4.859486 -0.808521
4.869366 -0.687057
4.879247 -0.566423
4.889127 -0.446636
4.899008 -0.327716
4.908888 -0.209682
4.918769 -0.092552
4.928649 0.023654
4.938530 0.138919
