0.008150 2.943421
0.018031 2.409241
0.027911 1.909561
0.037792 1.457588
0.047672 1.063919
0.057553 0.736198
0.067433 0.478919
0.077314 0.293387
0.087194 0.177825
0.097075 0.127624
0.106955 0.135725
0.116836 0.193097
0.126716 0.289293
0.136597 0.413053
0.146477 0.552915
0.156358 0.697805
0.166238 0.837582
0.176119 0.963495
0.185999 1.068549
0.195880 1.147751
0.205761 1.198233
0.215641 1.219249
0.225522 1.212055
0.235402 1.179675
0.245283 1.126582
0.255163 1.058315
0.265044 0.981048
0.274924 0.901148
0.284805 0.824751
0.294685 0.757371
0.304566 0.703573
0.314446 0.666726
0.324327 0.648847
0.334207 0.650544
0.344088 0.671057
0.353968 0.708392
0.363849 0.759535
0.373729 0.820727
0.383610 0.887790
0.393490 0.956468
0.403371 1.022766
0.413251 1.083263
0.423132 1.135384
0.433013 1.177601
0.442893 1.209557
0.452774 1.232113
0.462654 1.247293
0.472535 1.258161
0.482415 1.268608
0.492296 1.283085
0.502176 1.306293
0.512057 1.342846
0.521937 1.396933
0.531818 1.472004
0.541698 1.570495
0.551579 1.693614
0.561459 1.841206
0.571340 2.011695
0.581220 2.202121
0.591101 2.408269
0.600981 2.624865
0.610862 2.845865
0.620742 3.064772
0.630623 3.275011
0.640503 3.470302
0.650384 3.645025
0.660264 3.794558
0.670145 3.915557
0.680026 4.006165
0.689906 4.066140
0.699787 4.096893
0.709667 4.101420
0.719548 4.084160
0.729428 4.050746
0.739309 4.007710
0.749189 3.962111
0.759070 3.921148
0.768950 3.891750
0.778831 3.880188
0.788711 3.891716
0.798592 3.930269
0.808472 3.998233
0.818353 4.096300
0.828233 4.223419
0.838114 4.376837
0.847994 4.552236
0.857875 4.743957
0.867755 4.945285
0.877636 5.148802
0.887516 5.346763
0.897397 5.531492
0.907278 5.695763
0.917158 5.833156
0.927039 5.938360
0.936919 6.007410
0.946800 6.037850
0.956680 6.028811
0.966561 5.980996
0.976441 5.896587
0.986322 5.779079
0.996202 5.633037
1.006083 5.463820
1.015963 5.277260
1.025844 5.079338
1.035724 4.875862
1.045605 4.672177
1.055485 4.472910
1.065366 4.281777
1.075246 4.101452
1.085127 3.933507
1.095007 3.778425
1.104888 3.635680
1.114768 3.503875
1.124649 3.380934
1.134529 3.264326
1.144410 3.151308
1.154291 3.039173
1.164171 2.925479
1.174052 2.808261
1.183932 2.686184
1.193813 2.558662
1.203693 2.425910
1.213574 2.288933
1.223454 2.149467
1.233335 2.009857
1.243215 1.872893
1.253096 1.741618
1.262976 1.619110
1.272857 1.508261
1.282737 1.411569
1.292618 1.330949
1.302498 1.267584
1.312379 1.221823
1.322259 1.193125
1.332140 1.180068
1.342020 1.180407
1.351901 1.191188
1.361781 1.208904
1.371662 1.229689
1.381543 1.249530
1.391423 1.264493
1.401304 1.270939
1.411184 1.265727
1.421065 1.246383
1.430945 1.211229
1.440826 1.159466
1.450706 1.091195
1.460587 1.007401
1.470467 0.909865
1.480348 0.801047
1.490228 0.683923
1.500109 0.561794
1.509989 0.438082
1.519870 0.316125
1.529750 0.198981
1.539631 0.089251
1.549511 -0.011057
1.559392 -0.100631
1.569272 -0.178909
1.579153 -0.246081
1.589033 -0.303050
1.598914 -0.351343
1.608794 -0.392991
1.618675 -0.430373
1.628556 -0.466049
1.638436 -0.502588
1.648317 -0.542392
1.658197 -0.587548
1.668078 -0.639705
1.677958 -0.699974
1.687839 -0.768890
1.697719 -0.846393
1.707600 -0.931873
1.717480 -1.024239
1.727361 -1.122034
1.737241 -1.223569
1.747122 -1.327078
1.757002 -1.430876
1.766883 -1.533514
1.776763 -1.633919
1.786644 -1.731507
1.796524 -1.826265
1.806405 -1.918794
1.816285 -2.010308
1.826166 -2.102595
1.836046 -2.197938
1.845927 -2.298996
1.855808 -2.408669
1.865688 -2.529934
1.875569 -2.665680
1.885449 -2.818546
1.895330 -2.990768
1.905210 -3.184052
1.915091 -3.399482
1.924971 -3.637456
1.934852 -3.897668
1.944732 -4.179132
1.954613 -4.480242
1.964493 -4.798866
1.974374 -5.132473
1.984254 -5.478270
1.994135 -5.833358
2.004015 -6.194884
2.013896 -6.560173
2.023776 -6.926854
2.033657 -7.292947
2.043537 -7.656916
2.053418 -8.017691
2.063298 -8.374642
2.073179 -8.727522
2.083059 -9.076376
2.092940 -9.421422
2.102821 -9.762918
2.112701 -10.101022
2.122582 -10.435651
2.132462 -10.766363
2.142343 -11.092256
2.152223 -11.411900
2.162104 -11.723312
2.171984 -12.023973
2.181865 -12.310884
2.191745 -12.580671
2.201626 -12.829719
2.211506 -13.054345
2.221387 -13.250979
2.231267 -13.416367
2.241148 -13.547762
2.251028 -13.643097
2.260909 -13.701143
2.270789 -13.721613
2.280670 -13.705233
2.290550 -13.653754
2.300431 -13.569913
2.310311 -13.457339
2.320192 -13.320407
2.330073 -13.164052
2.339953 -12.993551
2.349834 -12.814276
2.359714 -12.631447
2.369595 -12.449886
2.379475 -12.273793
2.389356 -12.106554
2.399236 -11.950590
2.409117 -11.807269
2.418997 -11.676859
2.428878 -11.558561
2.438758 -11.450594
2.448639 -11.350330
2.458519 -11.254489
2.468400 -11.159361
2.478280 -11.061062
2.488161 -10.955792
2.498041 -10.840091
2.507922 -10.711082
2.517802 -10.566670
2.527683 -10.405707
2.537563 -10.228094
2.547444 -10.034830
2.557324 -9.827994
2.567205 -9.610668
2.577086 -9.386796
2.586966 -9.161004
2.596847 -8.938370
2.606727 -8.724176
2.616608 -8.523638
2.626488 -8.341649
2.636369 -8.182532
2.646249 -8.049826
2.656130 -7.946112
2.666010 -7.872897
2.675891 -7.830545
2.685771 -7.818279
2.695652 -7.834241
2.705532 -7.875600
2.715413 -7.938722
2.725293 -8.019374
2.735174 -8.112949
2.745054 -8.214722
2.754935 -8.320092
2.764815 -8.424817
2.774696 -8.525228
2.784576 -8.618403
2.794457 -8.702294
2.804338 -8.775812
2.814218 -8.838845
2.824099 -8.892241
2.833979 -8.937719
2.843860 -8.977755
2.853740 -9.015418
2.863621 -9.054188
2.873501 -9.097752
2.883382 -9.149804
2.893262 -9.213844
2.903143 -9.293009
2.913023 -9.389914
2.922904 -9.506547
2.932784 -9.644192
2.942665 -9.803402
2.952545 -9.984010
2.962426 -10.185187
2.972306 -10.405531
2.982187 -10.643187
2.992067 -10.895995
3.001948 -11.161638
3.011828 -11.437807
3.021709 -11.722351
3.031589 -12.013422
3.041470 -12.309587
3.051351 -12.609927
3.061231 -12.914092
3.071112 -13.222336
3.080992 -13.535508
3.090873 -13.855018
3.100753 -14.182772
3.110634 -14.521083
3.120514 -14.872570
3.130395 -15.240029
3.140275 -15.626317
3.150156 -16.034222
3.160036 -16.466341
3.169917 -16.924968
3.179797 -17.411998
3.189678 -17.928841
3.199558 -18.476355
3.209439 -19.054797
3.219319 -19.663789
3.229200 -20.302300
3.239080 -20.968641
3.248961 -21.660472
3.258841 -22.374820
3.268722 -23.108097
3.278603 -23.856140
3.288483 -24.614241
3.298364 -25.377191
3.308244 -26.139333
3.318125 -26.894612
3.328005 -27.636641
3.337886 -28.358775
3.347766 -29.054195
3.357647 -29.715997
3.367527 -30.337303
3.377408 -30.911374
3.387288 -31.431734
3.397169 -31.892301
3.407049 -32.287522
3.416930 -32.612501
3.426810 -32.863130
3.436691 -33.036202
3.446571 -33.129502
3.456452 -33.141891
3.466332 -33.073348
3.476213 -32.924985
3.486093 -32.699037
3.495974 -32.398805
3.505854 -32.028575
3.515735 -31.593500
3.525616 -31.099458
3.535496 -30.552883
3.545377 -29.960590
3.555257 -29.329580
3.565138 -28.666857
3.575018 -27.979245
3.584899 -27.273231
3.594779 -26.554826
3.604660 -25.829455
3.614540 -25.101887
3.624421 -24.376196
3.634301 -23.655762
3.644182 -22.943308
3.654062 -22.240958
3.663943 -21.550336
3.673823 -20.872667
3.683704 -20.208902
3.693584 -19.559831
3.703465 -18.926198
3.713345 -18.308798
3.723226 -17.708552
3.733106 -17.126549
3.742987 -16.564071
3.752868 -16.022570
3.762748 -15.503625
3.772629 -15.008868
3.782509 -14.539891
3.792390 -14.098129
3.802270 -13.684749
3.812151 -13.300531
3.822031 -12.945768
3.831912 -12.620176
3.841792 -12.322847
3.851673 -12.052214
3.861553 -11.806077
3.871434 -11.581648
3.881314 -11.375643
3.891195 -11.184405
3.901075 -11.004061
3.910956 -10.830685
3.920836 -10.660489
3.930717 -10.489998
3.940597 -10.316225
3.950478 -10.136819
3.960358 -9.950183
3.970239 -9.755553
3.980119 -9.553033
3.990000 -9.343580
3.999881 -9.128947
4.009761 -8.911573
4.019642 -8.694437
4.029522 -8.480883
4.039403 -8.274420
4.049283 -8.078513
4.059164 -7.896377
4.069044 -7.730787
4.078925 -7.583912
4.088805 -7.457184
4.098686 -7.351221
4.108566 -7.265786
4.118447 -7.199811
4.128327 -7.151460
4.138208 -7.118247
4.148088 -7.097193
4.157969 -7.085006
4.167849 -7.078285
4.177730 -7.073728
4.187610 -7.068330
4.197491 -7.059561
4.207371 -7.045508
4.217252 -7.024980
4.227133 -6.997559
4.237013 -6.963598
4.246894 -6.924166
4.256774 -6.880947
4.266655 -6.836085
4.276535 -6.792007
4.286416 -6.751211
4.296296 -6.716061
4.306177 -6.688569
4.316057 -6.670217
4.325938 -6.661793
4.335818 -6.663289
4.345699 -6.673841
4.355579 -6.691729
4.365460 -6.714440
4.375340 -6.738785
4.385221 -6.761068
4.395101 -6.777293
4.404982 -6.783401
4.414862 -6.775516
4.424743 -6.750193
4.434623 -6.704634
4.444504 -6.636877
4.454384 -6.545931
4.464265 -6.431849
4.474146 -6.295728
4.484026 -6.139646
4.493907 -5.966522
4.503787 -5.779911
4.513668 -5.583753
4.523548 -5.382079
4.533429 -5.178695
4.543309 -4.976869
4.553190 -4.779039
4.563070 -4.586558
4.572951 -4.399502
4.582831 -4.216555
4.592712 -4.034977
4.602592 -3.850671
4.612473 -3.658346
4.622353 -3.451768
4.632234 -3.224097
4.642114 -2.968292
4.651995 -2.677556
4.661875 -2.345807
4.671756 -1.968149
4.681636 -1.541302
4.691517 -1.063986
4.701398 -0.537212
4.711278 0.035523
4.721159 0.648163
4.731039 1.292148
4.740920 1.956604
4.750800 2.628657
4.760681 3.293867
4.770561 3.936764
4.780442 4.541456
4.790322 5.092287
4.800203 5.574510
4.810083 5.974944
4.819964 6.282582
4.829844 6.489113
4.839725 6.589340
4.849605 6.581461
4.859486 6.467205
4.869366 6.251815
4.879247 5.943860
4.889127 5.554914
4.899008 5.099087
4.908888 4.592449
4.918769 4.052360
4.928649 3.496759
4.938530 2.943421
