0.008150 3.149561
0.018031 3.174536
0.027911 3.188593
0.037792 3.191932
0.047672 3.184796
0.057553 3.167469
0.067433 3.140272
0.077314 3.103562
0.087194 3.057737
0.097075 3.003224
0.106955 2.940485
0.116836 2.870013
0.126716 2.792327
0.136597 2.707975
0.146477 2.617528
0.156358 2.521576
0.166238 2.420732
0.176119 2.315624
0.185999 2.206892
0.195880 2.095190
0.205761 1.981180
0.215641 1.865528
0.225522 1.748905
0.235402 1.631981
0.245283 1.515425
0.255163 1.399898
0.265044 1.286056
0.274924 1.174544
0.284805 1.065991
0.294685 0.961013
0.304566 0.860206
0.314446 0.764146
0.324327 0.673387
0.334207 0.588454
0.344088 0.509849
0.353968 0.438042
0.363849 0.373471
0.373729 0.316543
0.383610 0.267629
0.393490 0.227063
0.403371 0.195144
0.413251 0.172129
0.423132 0.158239
0.433013 0.153652
0.442893 0.158506
0.452774 0.172896
0.462654 0.196877
0.472535 0.230461
0.482415 0.273618
0.492296 0.326276
0.502176 0.388321
0.512057 0.459600
0.521937 0.539919
0.531818 0.629043
0.541698 0.726702
0.551579 0.832586
0.561459 0.946351
0.571340 1.067618
0.581220 1.195976
0.591101 1.330983
0.600981 1.472168
0.610862 1.619035
0.620742 1.771059
0.630623 1.927696
0.640503 2.088381
0.650384 2.252531
0.660264 2.419546
0.670145 2.588816
0.680026 2.759719
0.689906 2.931625
0.699787 3.103898
0.709667 3.275902
0.719548 3.446999
0.729428 3.616554
0.739309 3.783939
0.749189 3.948531
0.759070 4.109720
0.768950 4.266907
0.778831 4.419510
0.788711 4.566964
0.798592 4.708724
0.808472 4.844267
0.818353 4.973094
0.828233 5.094733
0.838114 5.208740
0.847994 5.314700
0.857875 5.412230
0.867755 5.500980
0.877636 5.580635
0.887516 5.650913
0.897397 5.711571
0.907278 5.762402
0.917158 5.803237
0.927039 5.833947
0.936919 5.854440
0.946800 5.864664
0.956680 5.864606
0.966561 5.854291
0.976441 5.833786
0.986322 5.803193
0.996202 5.762653
1.006083 5.712343
1.015963 5.652477
1.025844 5.583303
1.035724 5.505103
1.045605 5.418191
1.055485 5.322912
1.065366 5.219639
1.075246 5.108773
1.085127 4.990740
1.095007 4.865990
1.104888 4.734992
1.114768 4.598238
1.124649 4.456232
1.134529 4.309496
1.144410 4.158562
1.154291 4.003972
1.164171 3.846275
1.174052 3.686026
1.183932 3.523779
1.193813 3.360090
1.203693 3.195511
1.213574 3.030588
1.223454 2.865859
1.233335 2.701852
1.243215 2.539081
1.253096 2.378046
1.262976 2.219229
1.272857 2.063092
1.282737 1.910073
1.292618 1.760590
1.302498 1.615033
1.312379 1.473764
1.322259 1.337117
1.332140 1.205393
1.342020 1.078863
1.351901 0.957764
1.361781 0.842298
1.371662 0.732631
1.381543 0.628894
1.391423 0.531180
1.401304 0.439545
1.411184 0.354007
1.421065 0.274546
1.430945 0.201105
1.440826 0.133590
1.450706 0.071867
1.460587 0.015770
1.470467 -0.034908
1.480348 -0.080405
1.490228 -0.120994
1.500109 -0.156982
1.509989 -0.188705
1.519870 -0.216530
1.529750 -0.240852
1.539631 -0.262093
1.549511 -0.280698
1.559392 -0.297135
1.569272 -0.311891
1.579153 -0.325473
1.589033 -0.338402
1.598914 -0.351213
1.608794 -0.364450
1.618675 -0.378666
1.628556 -0.394421
1.638436 -0.412274
1.648317 -0.432786
1.658197 -0.456516
1.668078 -0.484017
1.677958 -0.515834
1.687839 -0.552498
1.697719 -0.594532
1.707600 -0.642439
1.717480 -0.696703
1.727361 -0.757789
1.737241 -0.826136
1.747122 -0.902159
1.757002 -0.986242
1.766883 -1.078742
1.776763 -1.179979
1.786644 -1.290242
1.796524 -1.409783
1.806405 -1.538814
1.816285 -1.677511
1.826166 -1.826005
1.836046 -1.984389
1.845927 -2.152711
1.855808 -2.330975
1.865688 -2.519142
1.875569 -2.717127
1.885449 -2.924800
1.895330 -3.141986
1.905210 -3.368464
1.915091 -3.603970
1.924971 -3.848193
1.934852 -4.100781
1.944732 -4.361338
1.954613 -4.629425
1.964493 -4.904565
1.974374 -5.186241
1.984254 -5.473897
1.994135 -5.766944
2.004015 -6.064757
2.013896 -6.366680
2.023776 -6.672029
2.033657 -6.980091
2.043537 -7.290129
2.053418 -7.601387
2.063298 -7.913086
2.073179 -8.224432
2.083059 -8.534621
2.092940 -8.842834
2.102821 -9.148248
2.112701 -9.450037
2.122582 -9.747372
2.132462 -10.039428
2.142343 -10.325387
2.152223 -10.604439
2.162104 -10.875787
2.171984 -11.138649
2.181865 -11.392265
2.191745 -11.635896
2.201626 -11.868826
2.211506 -12.090372
2.221387 -12.299880
2.231267 -12.496731
2.241148 -12.680344
2.251028 -12.850178
2.260909 -13.005734
2.270789 -13.146559
2.280670 -13.272246
2.290550 -13.382438
2.300431 -13.476831
2.310311 -13.555172
2.320192 -13.617264
2.330073 -13.662964
2.339953 -13.692190
2.349834 -13.704914
2.359714 -13.701171
2.369595 -13.681053
2.379475 -13.644713
2.389356 -13.592362
2.399236 -13.524274
2.409117 -13.440781
2.418997 -13.342273
2.428878 -13.229198
2.438758 -13.102065
2.448639 -12.961433
2.458519 -12.807920
2.468400 -12.642195
2.478280 -12.464978
2.488161 -12.277037
2.498041 -12.079188
2.507922 -11.872289
2.517802 -11.657242
2.527683 -11.434986
2.537563 -11.206494
2.547444 -10.972774
2.557324 -10.734862
2.567205 -10.493819
2.577086 -10.250730
2.586966 -10.006697
2.596847 -9.762836
2.606727 -9.520276
2.616608 -9.280153
2.626488 -9.043603
2.636369 -8.811765
2.646249 -8.585770
2.656130 -8.366743
2.666010 -8.155794
2.675891 -7.954017
2.685771 -7.762484
2.695652 -7.582245
2.705532 -7.414319
2.715413 -7.259693
2.725293 -7.119318
2.735174 -6.994107
2.745054 -6.884928
2.754935 -6.792603
2.764815 -6.717906
2.774696 -6.661556
2.784576 -6.624219
2.794457 -6.606502
2.804338 -6.608951
2.814218 -6.632049
2.824099 -6.676216
2.833979 -6.741803
2.843860 -6.829094
2.853740 -6.938302
2.863621 -7.069570
2.873501 -7.222969
2.883382 -7.398498
2.893262 -7.596082
2.903143 -7.815572
2.913023 -8.056748
2.922904 -8.319316
2.932784 -8.602910
2.942665 -8.907092
2.952545 -9.231354
2.962426 -9.575120
2.972306 -9.937745
2.982187 -10.318519
2.992067 -10.716669
3.001948 -11.131359
3.011828 -11.561695
3.021709 -12.006727
3.031589 -12.465452
3.041470 -12.936815
3.051351 -13.419716
3.061231 -13.913010
3.071112 -14.415511
3.080992 -14.925999
3.090873 -15.443220
3.100753 -15.965891
3.110634 -16.492706
3.120514 -17.022337
3.130395 -17.553441
3.140275 -18.084662
3.150156 -18.614637
3.160036 -19.142002
3.169917 -19.665389
3.179797 -20.183440
3.189678 -20.694806
3.199558 -21.198151
3.209439 -21.692159
3.219319 -22.175535
3.229200 -22.647012
3.239080 -23.105354
3.248961 -23.549359
3.258841 -23.977864
3.268722 -24.389749
3.278603 -24.783939
3.288483 -25.159409
3.298364 -25.515186
3.308244 -25.850352
3.318125 -26.164048
3.328005 -26.455476
3.337886 -26.723901
3.347766 -26.968654
3.357647 -27.189134
3.367527 -27.384808
3.377408 -27.555214
3.387288 -27.699963
3.397169 -27.818740
3.407049 -27.911301
3.416930 -27.977479
3.426810 -28.017181
3.436691 -28.030387
3.446571 -28.017153
3.456452 -27.977610
3.466332 -27.911960
3.476213 -27.820478
3.486093 -27.703510
3.495974 -27.561471
3.505854 -27.394844
3.515735 -27.204177
3.525616 -26.990084
3.535496 -26.753238
3.545377 -26.494371
3.555257 -26.214272
3.565138 -25.913781
3.575018 -25.593790
3.584899 -25.255237
3.594779 -24.899102
3.604660 -24.526407
3.614540 -24.138208
3.624421 -23.735594
3.634301 -23.319683
3.644182 -22.891617
3.654062 -22.452558
3.663943 -22.003685
3.673823 -21.546190
3.683704 -21.081273
3.693584 -20.610137
3.703465 -20.133987
3.713345 -19.654022
3.723226 -19.171437
3.733106 -18.687410
3.742987 -18.203108
3.752868 -17.719674
3.762748 -17.238232
3.772629 -16.759876
3.782509 -16.285672
3.792390 -15.816650
3.802270 -15.353805
3.812151 -14.898092
3.822031 -14.450423
3.831912 -14.011664
3.841792 -13.582634
3.851673 -13.164101
3.861553 -12.756781
3.871434 -12.361336
3.881314 -11.978372
3.891195 -11.608437
3.901075 -11.252021
3.910956 -10.909555
3.920836 -10.581409
3.930717 -10.267892
3.940597 -9.969251
3.950478 -9.685674
3.960358 -9.417284
3.970239 -9.164147
3.980119 -8.926267
3.990000 -8.703588
3.999881 -8.495997
4.009761 -8.303323
4.019642 -8.125339
4.029522 -7.961766
4.039403 -7.812271
4.049283 -7.676470
4.059164 -7.553933
4.069044 -7.444184
4.078925 -7.346703
4.088805 -7.260931
4.098686 -7.186270
4.108566 -7.122089
4.118447 -7.067723
4.128327 -7.022480
4.138208 -6.985643
4.148088 -6.956473
4.157969 -6.934210
4.167849 -6.918083
4.177730 -6.907305
4.187610 -6.901082
4.197491 -6.898616
4.207371 -6.899105
4.217252 -6.901753
4.227133 -6.905764
4.237013 -6.910354
4.246894 -6.914749
4.256774 -6.918191
4.266655 -6.919940
4.276535 -6.919275
4.286416 -6.915502
4.296296 -6.907951
4.306177 -6.895983
4.316057 -6.878989
4.325938 -6.856395
4.335818 -6.827664
4.345699 -6.792296
4.355579 -6.749832
4.365460 -6.699853
4.375340 -6.641987
4.385221 -6.575902
4.395101 -6.501314
4.404982 -6.417987
4.414862 -6.325728
4.424743 -6.224395
4.434623 -6.113893
4.444504 -5.994176
4.454384 -5.865243
4.464265 -5.727145
4.474146 -5.579976
4.484026 -5.423879
4.493907 -5.259042
4.503787 -5.085697
4.513668 -4.904118
4.523548 -4.714623
4.533429 -4.517570
4.543309 -4.313353
4.553190 -4.102404
4.563070 -3.885190
4.572951 -3.662209
4.582831 -3.433989
4.592712 -3.201085
4.602592 -2.964079
4.612473 -2.723572
4.622353 -2.480188
4.632234 -2.234564
4.642114 -1.987353
4.651995 -1.739220
4.661875 -1.490835
4.671756 -1.242876
4.681636 -0.996021
4.691517 -0.750949
4.701398 -0.508334
4.711278 -0.268843
4.721159 -0.033135
4.731039 0.198146
4.740920 0.424367
4.750800 0.644917
4.760681 0.859204
4.770561 1.066658
4.780442 1.266736
4.790322 1.458921
4.800203 1.642727
4.810083 1.817700
4.819964 1.983418
4.829844 2.139498
4.839725 2.285590
4.849605 2.421386
4.859486 2.546615
4.869366 2.661050
4.879247 2.764502
4.889127 2.856829
4.899008 2.937929
4.908888 3.007744
4.918769 3.066260
4.928649 3.113508
4.938530 3.149561
