0.008150 3.161124
0.018031 1.552852
0.027911 0.246498
0.037792 -0.564099
0.047672 -0.827991
0.057553 -0.637765
0.067433 -0.186325
0.077314 0.303228
0.087194 0.649964
0.097075 0.765954
0.106955 0.670613
0.116836 0.466951
0.126716 0.291240
0.136597 0.255951
0.146477 0.406793
0.156358 0.708259
0.166238 1.060991
0.176119 1.342568
0.185999 1.455287
0.195880 1.362801
0.205761 1.102426
0.215641 0.769520
0.225522 0.480773
0.235402 0.330814
0.245283 0.358476
0.255163 0.534921
0.265044 0.777317
0.274924 0.982144
0.284805 1.065089
0.294685 0.992428
0.304566 0.792403
0.314446 0.542894
0.324327 0.340661
0.334207 0.264235
0.344088 0.344657
0.353968 0.555028
0.363849 0.822512
0.373729 1.057875
0.383610 1.191009
0.393490 1.198702
0.403371 1.113914
0.413251 1.012825
0.423132 0.984412
0.433013 1.093962
0.442893 1.354410
0.452774 1.716694
0.462654 2.083457
0.472535 2.341838
0.482415 2.404019
0.492296 2.241045
0.502176 1.897517
0.512057 1.481266
0.521937 1.130792
0.531818 0.971081
0.541698 1.072552
0.551579 1.427074
0.561459 1.949309
0.571340 2.503225
0.581220 2.945271
0.591101 3.170188
0.600981 3.144670
0.610862 2.918104
0.620742 2.607139
0.630623 2.359199
0.640503 2.306622
0.650384 2.525775
0.660264 3.013578
0.670145 3.688104
0.680026 4.412415
0.689906 5.033763
0.699787 5.426090
0.709667 5.523342
0.719548 5.334502
0.729428 4.937067
0.739309 4.452126
0.749189 4.009245
0.759070 3.711708
0.768950 3.611790
0.778831 3.702224
0.788711 3.925043
0.798592 4.194045
0.808472 4.423616
0.818353 4.555355
0.828233 4.575048
0.838114 4.515592
0.847994 4.445491
0.857875 4.446523
0.867755 4.587062
0.877636 4.898673
0.887516 5.362708
0.897397 5.911002
0.907278 6.440988
0.917158 6.841567
0.927039 7.022946
0.936919 6.942213
0.946800 6.617194
0.956680 6.124026
0.966561 5.578300
0.976441 5.104331
0.986322 4.800860
0.996202 4.712994
1.006083 4.818905
1.015963 5.035858
1.025844 5.244542
1.035724 5.325136
1.045605 5.194605
1.055485 4.833952
1.065366 4.296750
1.075246 3.695738
1.085127 3.170953
1.095007 2.848650
1.104888 2.803360
1.114768 3.034671
1.124649 3.465961
1.134529 3.965532
1.144410 4.383695
1.154291 4.594472
1.164171 4.529275
1.174052 4.192693
1.183932 3.656342
1.193813 3.033737
1.203693 2.444949
1.213574 1.982628
1.223454 1.689816
1.233335 1.555548
1.243215 1.527972
1.253096 1.538951
1.262976 1.530689
1.272857 1.475009
1.282737 1.379194
1.292618 1.277565
1.302498 1.213190
1.312379 1.217411
1.322259 1.295212
1.332140 1.421769
1.342020 1.551018
1.351901 1.632472
1.361781 1.629575
1.371662 1.532577
1.381543 1.361297
1.391423 1.157210
1.401304 0.968338
1.411184 0.833001
1.421065 0.768535
1.430945 0.768794
1.440826 0.810505
1.450706 0.865005
1.460587 0.909853
1.470467 0.935237
1.480348 0.942609
1.490228 0.936652
1.500109 0.914855
1.509989 0.860342
1.519870 0.742459
1.529750 0.526416
1.539631 0.189176
1.549511 -0.264460
1.559392 -0.792633
1.569272 -1.319311
1.579153 -1.750367
1.589033 -1.998926
1.598914 -2.012128
1.608794 -1.790106
1.618675 -1.390009
1.628556 -0.912625
1.638436 -0.475112
1.648317 -0.178236
1.658197 -0.078700
1.668078 -0.175593
1.677958 -0.415285
1.687839 -0.712751
1.697719 -0.981701
1.707600 -1.162932
1.717480 -1.241150
1.727361 -1.244846
1.737241 -1.230007
1.747122 -1.254354
1.757002 -1.352133
1.766883 -1.519151
1.776763 -1.713748
1.786644 -1.873340
1.796524 -1.940195
1.806405 -1.886538
1.816285 -1.729206
1.826166 -1.527884
1.836046 -1.367084
1.845927 -1.328150
1.855808 -1.461454
1.865688 -1.769070
1.875569 -2.204504
1.885449 -2.689844
1.895330 -3.144193
1.905210 -3.512969
1.915091 -3.787086
1.924971 -4.004557
1.934852 -4.233419
1.944732 -4.541777
1.954613 -4.965790
1.964493 -5.487607
1.974374 -6.032222
1.984254 -6.485818
1.994135 -6.730744
2.004015 -6.686230
2.013896 -6.341538
2.023776 -5.770186
2.033657 -5.119685
2.043537 -4.578816
2.053418 -4.331467
2.063298 -4.510170
2.073179 -5.162424
2.083059 -6.238909
2.092940 -7.606133
2.102821 -9.079078
2.112701 -10.464223
2.122582 -11.601249
2.132462 -12.393222
2.142343 -12.819186
2.152223 -12.928393
2.162104 -12.820120
2.171984 -12.615925
2.181865 -12.431719
2.191745 -12.355559
2.201626 -12.434509
2.211506 -12.671208
2.221387 -13.028865
2.231267 -13.442403
2.241148 -13.833326
2.251028 -14.126026
2.260909 -14.263337
2.270789 -14.219017
2.280670 -14.004674
2.290550 -13.669002
2.300431 -13.288252
2.310311 -12.948860
2.320192 -12.725542
2.330073 -12.660201
2.339953 -12.747780
2.349834 -12.934069
2.359714 -13.127527
2.369595 -13.223068
2.379475 -13.131763
2.389356 -12.807951
2.399236 -12.265363
2.409117 -11.576705
2.418997 -10.856037
2.428878 -10.228660
2.438758 -9.797336
2.448639 -9.615045
2.458519 -9.672530
2.468400 -9.904256
2.478280 -10.210462
2.488161 -10.487882
2.498041 -10.659024
2.507922 -10.690676
2.517802 -10.596244
2.527683 -10.422174
2.537563 -10.224251
2.547444 -10.042905
2.557324 -9.886755
2.567205 -9.730415
2.577086 -9.527271
2.586966 -9.232345
2.596847 -8.826625
2.606727 -8.333463
2.616608 -7.820364
2.626488 -7.384487
2.636369 -7.125934
2.646249 -7.117227
2.656130 -7.378930
2.666010 -7.869538
2.675891 -8.493219
2.685771 -9.123360
2.695652 -9.634890
2.705532 -9.935808
2.715413 -9.988796
2.725293 -9.817141
2.735174 -9.494110
2.745054 -9.119801
2.754935 -8.792879
2.764815 -8.585449
2.774696 -8.527672
2.784576 -8.605333
2.794457 -8.769555
2.804338 -8.954597
2.814218 -9.098008
2.824099 -9.157522
2.833979 -9.120793
2.843860 -9.006448
2.853740 -8.857328
2.863621 -8.728477
2.873501 -8.673185
2.883382 -8.730263
2.893262 -8.915062
2.903143 -9.215801
2.913023 -9.595783
2.922904 -10.001117
2.932784 -10.372628
2.942665 -10.659709
2.952545 -10.833154
2.962426 -10.893773
2.972306 -10.874070
2.982187 -10.831670
2.992067 -10.835297
3.001948 -10.946411
3.011828 -11.201372
3.021709 -11.599518
3.031589 -12.101352
3.041470 -12.638302
3.051351 -13.131985
3.061231 -13.517625
3.071112 -13.764511
3.080992 -13.886797
3.090873 -13.940687
3.100753 -14.008272
3.110634 -14.172742
3.120514 -14.492712
3.130395 -14.983992
3.140275 -15.614894
3.150156 -16.316767
3.160036 -17.006375
3.169917 -17.612708
3.179797 -18.099292
3.189678 -18.474600
3.199558 -18.787317
3.209439 -19.108443
3.219319 -19.506796
3.229200 -20.026627
3.239080 -20.675106
3.248961 -21.423695
3.258841 -22.222228
3.268722 -23.019872
3.278603 -23.784697
3.288483 -24.514276
3.298364 -25.233347
3.308244 -25.979642
3.318125 -26.783703
3.328005 -27.650955
3.337886 -28.553546
3.347766 -29.435743
3.357647 -30.231358
3.367527 -30.886770
3.377408 -31.380610
3.387288 -31.732029
3.397169 -31.993567
3.407049 -32.230455
3.416930 -32.493584
3.426810 -32.796243
3.436691 -33.103936
3.446571 -33.342125
3.456452 -33.420323
3.466332 -33.264746
3.476213 -32.848092
3.486093 -32.205435
3.495974 -31.429641
3.505854 -30.646711
3.515735 -29.978575
3.525616 -29.505507
3.535496 -29.240896
3.545377 -29.127105
3.555257 -29.054145
3.565138 -28.895095
3.575018 -28.546504
3.584899 -27.960331
3.594779 -27.156953
3.604660 -26.215344
3.614540 -25.244357
3.624421 -24.345458
3.634301 -23.579893
3.644182 -22.951431
3.654062 -22.410080
3.663943 -21.874682
3.673823 -21.265774
3.683704 -20.536707
3.693584 -19.692013
3.703465 -18.786827
3.713345 -17.908066
3.723226 -17.144464
3.733106 -16.556318
3.742987 -16.155523
3.752868 -15.902521
3.762748 -15.720608
3.772629 -15.521990
3.782509 -15.236127
3.792390 -14.830608
3.802270 -14.317941
3.812151 -13.746978
3.822031 -13.183145
3.831912 -12.685265
3.841792 -12.287358
3.851673 -11.991275
3.861553 -11.771567
3.871434 -11.589347
3.881314 -11.408845
3.891195 -11.209919
3.901075 -10.992045
3.910956 -10.769133
3.920836 -10.558407
3.930717 -10.368908
3.940597 -10.195084
3.950478 -10.018546
3.960358 -9.817369
3.970239 -9.578911
3.980119 -9.310354
3.990000 -9.041834
3.999881 -8.819861
4.009761 -8.692605
4.019642 -8.692066
4.029522 -8.819719
4.039403 -9.041268
4.049283 -9.293047
4.059164 -9.498388
4.069044 -9.588656
4.078925 -9.521929
4.088805 -9.293116
4.098686 -8.932435
4.108566 -8.493357
4.118447 -8.034810
4.128327 -7.604322
4.138208 -7.228077
4.148088 -6.910965
4.157969 -6.645679
4.167849 -6.426366
4.177730 -6.260551
4.187610 -6.173744
4.197491 -6.204049
4.207371 -6.388074
4.217252 -6.743051
4.227133 -7.251885
4.237013 -7.857293
4.246894 -8.468262
4.256774 -8.978022
4.266655 -9.288792
4.276535 -9.336202
4.286416 -9.106279
4.296296 -8.640058
4.306177 -8.024606
4.316057 -7.373071
4.325938 -6.799293
4.335818 -6.393524
4.345699 -6.204980
4.355579 -6.234644
4.365460 -6.438868
4.375340 -6.741845
4.385221 -7.053400
4.395101 -7.288110
4.404982 -7.382128
4.414862 -7.305009
4.424743 -7.064795
4.434623 -6.705597
4.444504 -6.297857
4.454384 -5.922621
4.464265 -5.652433
4.474146 -5.532731
4.484026 -5.568352
4.493907 -5.719404
4.503787 -5.909004
4.513668 -6.042363
4.523548 -6.033078
4.533429 -5.829560
4.543309 -5.433333
4.553190 -4.902430
4.563070 -4.337142
4.572951 -3.850956
4.582831 -3.534876
4.592712 -3.426476
4.602592 -3.494585
4.612473 -3.646129
4.622353 -3.754547
4.632234 -3.701524
4.642114 -3.418348
4.651995 -2.912125
4.661875 -2.266199
4.671756 -1.612456
4.681636 -1.083107
4.691517 -0.757631
4.701398 -0.623751
4.711278 -0.568086
4.721159 -0.403023
4.731039 0.075804
4.740920 1.018303
4.750800 2.458100
4.760681 4.282055
4.770561 6.244226
4.780442 8.023515
4.790322 9.309720
4.800203 9.892391
4.810083 9.724553
4.819964 8.940080
4.829844 7.817490
4.839725 6.699758
4.849605 5.894018
4.859486 5.581882
4.869366 5.768223
4.879247 6.284364
4.889127 6.844486
4.899008 7.137301
4.908888 6.924017
4.918769 6.112035
4.928649 4.782000
4.938530 3.161124
